0.100005 0.6 0.399998 0.899997 0.399998 0.899997 0.799998 0.3 0.300001 0.799999 0.199999 0.100001 0.4 2.78285e-06 0.100002 0.3 0.699999 0.400002 0.799998 0.100003 0.200001 0.1 0.799998 0.799998 0.499999
0.700005 0.5 -1.87505e-06 0.599997 0.599998 0.899997 0.899997 0.8 0.500002 0.699998 0.199999 0.800002 0.3 0.100004 0.600002 0.4 0.499999 2.12894e-06 0.699997 0.400004 0.200001 0.300001 0.799998 -2.70452e-06 0.699999
0.300013 0.899998 0.699995 0.899993 0.499995 -7.70452e-06 0.79999 0.8 0.900005 -4.32816e-06 0.0999985 0.800004 4.62993e-07 0.90001 0.500005 0.3 0.599997 0.600005 0.799992 0.600008 0.800003 0.600002 0.199993 0.0999925 0.0999986
0.599997 0.900001 0.800003 0.100002 1.46738e-06 2.89371e-06 0.200005 0.7 0.699999 0.700002 0.700001 -1.0995e-06 0.6 0.799997 0.4 5.49772e-07 0.200001 0.399999 0.100004 0.199998 0.9 0.7 0.100004 3.69409e-06 0.300001
0.899976 0.300006 0.100016 0.900014 0.500009 0.500017 2.89517e-05 0.500001 0.299989 0.300011 0.200005 0.0999906 0.8 0.699978 0.899993 0.900002 0.600007 0.899993 0.400021 0.599983 0.299996 0.199998 0.20002 0.700021 0.800003
0.199997 0.200001 0.800002 0.400002 0.900001 0.700003 0.600005 0.9 0.0999987 0.100002 0.300001 0.399999 7.79622e-08 0.399997 0.899999 0.9 0.500001 0.399999 0.600003 0.099998 0.399999 0.4 0.400003 0.600003 0.6
0.600001 0.200001 1.944e-07 1.56609e-07 0.400001 0.900001 0.100005 0.8 0.600001 0.800001 0.4 0.700002 2.8085e-07 0.099998 0.1 0.1 0.800001 0.9 0.100003 0.800001 0.9 0.6 0.700003 0.600001 0.3
0 0.4 0.3 0.9 0.9 0.4 0.3 0.3 0.6 0.7 0.2 0.7 0.9 0.8 0.2 0.1 0.4 0.9 0.5 0 0.2 0.3 0.4 0.3 0.1
0.9 0.1 0.8 0.7 0.2 0.6 0 0.3 0.8 0.3 0.2 0.7 0.8 0.2 0 0.8 0.4 0.2 0.4 0.7 0.9 0.6 0.1 0.6 0.3
0.6 0.8 0 0.9 0.2 0.4 0.3 0.2 0.1 0.4 0.1 0.4 0.6 0 0.6 0.5 0.8 0.1 0.9 0.5 0.1 0.4 0.9 0.3 0.3
0.2 0 0.4 0.2 0.7 0.3 0.1 0.7 0.9 0.2 0.5 0.5 0 0.7 0.3 0.6 0.2 0.9 0.5 0.7 0.8 0.6 0.6 0.6 0.8
